Tipo_de_Sistema(Monofasico(1).Trifasico(3))
3
 
NumBarras     
70
  
NumLinhas     
69
   

Voltagem_base_da_rede(kV)
21.93

Voltagem_Refe_da_rede(kV)
21.93

comprimento_das_linhas(m.km.ft.millas)
1

impedancia(ohm.ohm/m.ohm/km.ohm/ft.ohm/milla)
1

Demanda(VAR_1.kVAR_2.MVAR_3)
2


				 kVA    kV_hihg      kV_low    R1%    X1%   R0%    X0%
subestacao		2500       69.0        21.93     1     8      0     8

	 


[nó]    tipo           [SCMa]                 [SCMb]                   [SCMc]                [Ca]                    [Cb]                [Cc]          ModeloCarga(Pconst.Icons.Zconst)    
  1       3        0.00     0.00        0.0000       0.0000      0.0000      0.0000    0.0000     0.0000       0.0000    0.0000    0.0000    0.0000    1
  2       0		   0.00     0.00	    0.0000  	 0.0000		 0.0000  	 0.0000	   0.0000     0.0000	   0.0000  	 0.0000	   0.0000  	 0.0000	   1
  3       0		   0.00     0.00	    0.0000  	 0.0000		 0.0000  	 0.0000	   0.0000     0.0000	   0.0000  	 0.0000	   0.0000  	 0.0000	   1
  4       0		   0.00     0.00	    0.0000  	 0.0000		 0.0000  	 0.0000	   0.0000     0.0000	   0.0000  	 0.0000	   0.0000  	 0.0000	   1
  5       0		   0.00     0.00	    0.0000  	 0.0000		 0.0000  	 0.0000	   0.0000     0.0000	   0.0000  	 0.0000	   0.0000  	 0.0000	   1
  6       0		   0.00     0.00	    0.0000  	 0.0000		 0.0000  	 0.0000	   0.0000     0.0000	   0.0000  	 0.0000	   0.0000  	 0.0000	   1
  7       0		   2.60     2.20	    0.0000  	 0.0000		 0.0000  	 0.0000	   0.0000     0.0000	   0.0000  	 0.0000	   0.0000  	 0.0000	   1
  8       0		  40.40    30.00	    0.0000  	 0.0000		 0.0000  	 0.0000	   0.0000     0.0000	   0.0000  	 0.0000	   0.0000  	 0.0000	   1
  9       0		  75.00    54.00	    0.0000  	 0.0000		 0.0000  	 0.0000	   0.0000     0.0000	   0.0000  	 0.0000	   0.0000  	 0.0000	   1
 10       0		  30.00    22.00	    0.0000  	 0.0000		 0.0000  	 0.0000	   0.0000     0.0000	   0.0000  	 0.0000	   0.0000  	 0.0000	   1
 11       0		  28.00    19.00	    0.0000  	 0.0000		 0.0000  	 0.0000	   0.0000     0.0000	   0.0000  	 0.0000	   0.0000  	 0.0000	   1
 12       0		 145.00   104.00	    0.0000  	 0.0000		 0.0000  	 0.0000	   0.0000     0.0000	   0.0000  	 0.0000	   0.0000  	 0.0000	   1
 13       0		 145.00   104.00	    0.0000  	 0.0000		 0.0000  	 0.0000	   0.0000     0.0000	   0.0000  	 0.0000	   0.0000  	 0.0000	   1
 14       0		   8.00     5.50	    0.0000  	 0.0000		 0.0000  	 0.0000	   0.0000     0.0000	   0.0000  	 0.0000	   0.0000  	 0.0000	   1
 15       0		   8.00     5.50	    0.0000  	 0.0000		 0.0000  	 0.0000	   0.0000     0.0000	   0.0000  	 0.0000	   0.0000  	 0.0000	   1
 16       0		   0.00     0.00	    0.0000  	 0.0000		 0.0000  	 0.0000	   0.0000     0.0000	   0.0000  	 0.0000	   0.0000  	 0.0000	   1
 17       0		  45.50    30.00	    0.0000  	 0.0000		 0.0000  	 0.0000	   0.0000     0.0000	   0.0000  	 0.0000	   0.0000  	 0.0000	   1
 18       0		  60.00    35.00	    0.0000  	 0.0000		 0.0000  	 0.0000	   0.0000     0.0000       0.0000  	 0.0000	   0.0000  	 0.0000	   1
 19       0		  60.00    35.00	    0.0000  	 0.0000		 0.0000  	 0.0000	   0.0000     0.0000	   0.0000  	 0.0000	   0.0000  	 0.0000	   1
 20       0		   0.00     0.00	    0.0000  	 0.0000		 0.0000  	 0.0000	   0.0000     0.0000	   0.0000  	 0.0000	   0.0000  	 0.0000	   1
 21       0		   1.00     0.60	    0.0000  	 0.0000		 0.0000  	 0.0000	   0.0000     0.0000	   0.0000  	 0.0000	   0.0000  	 0.0000	   1
 22       0		 114.00    81.00	    0.0000  	 0.0000		 0.0000  	 0.0000	   0.0000     0.0000	   0.0000  	 0.0000	   0.0000  	 0.0000	   1
 23       0		   5.30     3.50	    0.0000  	 0.0000		 0.0000  	 0.0000	   0.0000     0.0000	   0.0000  	 0.0000	   0.0000  	 0.0000	   1
 24       0		   0.00     0.00	    0.0000  	 0.0000		 0.0000  	 0.0000	   0.0000     0.0000	   0.0000  	 0.0000	   0.0000  	 0.0000	   1
 25       0		  28.00    20.00	    0.0000  	 0.0000		 0.0000  	 0.0000	   0.0000     0.0000	   0.0000  	 0.0000	   0.0000  	 0.0000	   1
 26       0		   0.00     0.00	    0.0000  	 0.0000		 0.0000  	 0.0000	   0.0000     0.0000	   0.0000  	 0.0000	   0.0000  	 0.0000	   1
 27       0		  14.00    10.00	    0.0000  	 0.0000		 0.0000  	 0.0000	   0.0000     0.0000	   0.0000  	 0.0000	   0.0000  	 0.0000	   1
 28       0		  14.00    10.00	    0.0000  	 0.0000		 0.0000  	 0.0000	   0.0000     0.0000	   0.0000  	 0.0000	   0.0000  	 0.0000	   1
 29       0		  26.00    18.60	    0.0000  	 0.0000		 0.0000  	 0.0000	   0.0000     0.0000	   0.0000  	 0.0000	   0.0000  	 0.0000	   1
 30       0		  26.00	   18.60	    0.0000  	 0.0000		 0.0000  	 0.0000	   0.0000     0.0000	   0.0000  	 0.0000	   0.0000  	 0.0000	   1
 31       0		   0.00     0.00	    0.0000  	 0.0000		 0.0000  	 0.0000	   0.0000     0.0000	   0.0000  	 0.0000	   0.0000  	 0.0000	   1
 32       0		   0.00	    0.00		0.0000  	 0.0000		 0.0000  	 0.0000	   0.0000     0.0000	   0.0000  	 0.0000	   0.0000  	 0.0000	   1
 33       0		   0.00	    0.00		0.0000  	 0.0000		 0.0000  	 0.0000	   0.0000     0.0000	   0.0000  	 0.0000	   0.0000  	 0.0000	   1
 34       0		  14.00    10.00		0.0000  	 0.0000		 0.0000  	 0.0000	   0.0000     0.0000	   0.0000  	 0.0000	   0.0000  	 0.0000	   1
 35       0		  19.50    14.00		0.0000  	 0.0000		 0.0000  	 0.0000	   0.0000     0.0000	   0.0000  	 0.0000	   0.0000  	 0.0000	   1
 36       0		   6.00     4.00		0.0000  	 0.0000		 0.0000  	 0.0000	   0.0000     0.0000	   0.0000  	 0.0000	   0.0000  	 0.0000	   1
 37       0		  26.00    18.55		0.0000  	 0.0000		 0.0000  	 0.0000	   0.0000     0.0000	   0.0000  	 0.0000	   0.0000  	 0.0000	   1
 38       0		  26.00    18.55		0.0000  	 0.0000		 0.0000  	 0.0000	   0.0000     0.0000	   0.0000  	 0.0000	   0.0000  	 0.0000	   1
 39       0		   0.00     0.00		0.0000  	 0.0000		 0.0000  	 0.0000	   0.0000     0.0000	   0.0000  	 0.0000	   0.0000  	 0.0000	   1
 40       0		  24.00    17.00		0.0000  	 0.0000		 0.0000  	 0.0000	   0.0000     0.0000	   0.0000  	 0.0000	   0.0000  	 0.0000	   1
 41       0		  24.00    17.00		0.0000  	 0.0000		 0.0000  	 0.0000	   0.0000     0.0000	   0.0000  	 0.0000	   0.0000  	 0.0000	   1
 42       0		   1.20     1.00		0.0000  	 0.0000		 0.0000  	 0.0000	   0.0000     0.0000	   0.0000  	 0.0000	   0.0000  	 0.0000	   1
 43       0		   0.00     0.00		0.0000  	 0.0000		 0.0000  	 0.0000	   0.0000     0.0000	   0.0000  	 0.0000	   0.0000  	 0.0000	   1
 44       0		   6.00     4.30		0.0000  	 0.0000		 0.0000  	 0.0000	   0.0000     0.0000	   0.0000  	 0.0000	   0.0000  	 0.0000	   1
 45       0		   0.00     0.00		0.0000  	 0.0000		 0.0000  	 0.0000	   0.0000     0.0000	   0.0000  	 0.0000	   0.0000  	 0.0000	   1
 46       0		  39.22    26.30		0.0000  	 0.0000		 0.0000  	 0.0000	   0.0000     0.0000	   0.0000  	 0.0000	   0.0000  	 0.0000	   1
 47       0		  39.22    26.30		0.0000  	 0.0000		 0.0000  	 0.0000	   0.0000     0.0000	   0.0000  	 0.0000	   0.0000  	 0.0000	   1
 48       0		   0.00     0.00		0.0000  	 0.0000		 0.0000  	 0.0000	   0.0000     0.0000	   0.0000  	 0.0000	   0.0000  	 0.0000	   1
 49       0		  79.00    56.40		0.0000  	 0.0000		 0.0000  	 0.0000	   0.0000     0.0000	   0.0000  	 0.0000	   0.0000  	 0.0000	   1
 50       0		 384.70   274.50		0.0000  	 0.0000		 0.0000  	 0.0000	   0.0000     0.0000	   0.0000  	 0.0000	   0.0000  	 0.0000	   1
 51       0		 384.70   274.50	    0.0000  	 0.0000		 0.0000  	 0.0000	   0.0000     0.0000	   0.0000  	 0.0000	   0.0000  	 0.0000	   1
 52       0		  40.50    28.30	    0.0000  	 0.0000		 0.0000  	 0.0000	   0.0000     0.0000	   0.0000  	 0.0000	   0.0000  	 0.0000	   1
 53       0		  3.60      2.70  	    0.0000  	 0.0000		 0.0000  	 0.0000	   0.0000     0.0000	   0.0000  	 0.0000	   0.0000  	 0.0000	   1
 54       0		   4.35     3.50	    0.0000  	 0.0000		 0.0000  	 0.0000	   0.0000     0.0000	   0.0000  	 0.0000	   0.0000  	 0.0000	   1
 55       0		  26.40    19.00	    0.0000  	 0.0000		 0.0000  	 0.0000	   0.0000     0.0000	   0.0000  	 0.0000	   0.0000  	 0.0000	   1
 56       0		  24.00    17.20	    0.0000  	 0.0000		 0.0000  	 0.0000	   0.0000     0.0000	   0.0000  	 0.0000	   0.0000  	 0.0000	   1
 57       0		   0.00     0.00	    0.0000  	 0.0000		 0.0000  	 0.0000	   0.0000     0.0000	   0.0000  	 0.0000	   0.0000  	 0.0000	   1
 58       0		   0.00     0.00	    0.0000  	 0.0000		 0.0000  	 0.0000	   0.0000     0.0000	   0.0000  	 0.0000	   0.0000  	 0.0000	   1
 59       0		   0.00     0.00	    0.0000  	 0.0000		 0.0000  	 0.0000	   0.0000     0.0000	   0.0000  	 0.0000	   0.0000  	 0.0000	   1
 60       0		 100.00    72.00	    0.0000  	 0.0000		 0.0000  	 0.0000	   0.0000     0.0000	   0.0000  	 0.0000	   0.0000  	 0.0000	   1
 61       0		   0.00     0.00	    0.0000  	 0.0000		 0.0000  	 0.0000	   0.0000     0.0000	   0.0000  	 0.0000	   0.0000  	 0.0000	   1
 62       0		1244.00   888.00	    0.0000  	 0.0000		 0.0000  	 0.0000	   0.0000     0.0000	   0.0000  	 0.0000	   0.0000  	 0.0000	   1
 63       0		  32.00    23.00	    0.0000  	 0.0000		 0.0000  	 0.0000	   0.0000     0.0000	   0.0000  	 0.0000	   0.0000  	 0.0000	   1
 64       0		   0.00     0.00	    0.0000  	 0.0000		 0.0000  	 0.0000	   0.0000     0.0000	   0.0000  	 0.0000	   0.0000  	 0.0000	   1
 65       0		 227.00   162.00	    0.0000  	 0.0000		 0.0000  	 0.0000	   0.0000     0.0000	   0.0000  	 0.0000	   0.0000  	 0.0000	   1
 66       0		  59.00    42.00	    0.0000  	 0.0000		 0.0000  	 0.0000	   0.0000     0.0000	   0.0000  	 0.0000	   0.0000  	 0.0000	   1
 67       0		  18.00    13.00	    0.0000  	 0.0000		 0.0000  	 0.0000	   0.0000     0.0000	   0.0000  	 0.0000	   0.0000  	 0.0000	   1
 68       0		  18.00    13.00	    0.0000  	 0.0000		 0.0000  	 0.0000	   0.0000     0.0000	   0.0000  	 0.0000	   0.0000  	 0.0000	   1
 69       0		  28.00    20.00	    0.0000  	 0.0000		 0.0000  	 0.0000	   0.0000     0.0000	   0.0000  	 0.0000	   0.0000  	 0.0000	   1
 70       0		  28.00    20.00	    0.0000  	 0.0000		 0.0000  	 0.0000	   0.0000     0.0000	   0.0000  	 0.0000	   0.0000  	 0.0000	   1

Tipo_Cir     noi    nof         CoordX1        CoorY1         CoorX2       CoorY2               Zaa                  [Zbb]                [Zcc]                 [Znn]                [Zab]             [Zac]                 [Zan]                [Zbc]               [Zbn]                [Zcn]       Tipo_Cabo     [DL_km]  	
CP            1      2           0.0000        0.0000        100.0000       0.0000     0.0005    0.0012     0.0000     0.0000      0.0000    0.000       0.0000   0.000      0.0000   0.000      0.0000   0.000      0.0000   0.000        0.0000   0.000     0.0000   0.000        0.0000   0.000        4/0         1.00
CP            2      3         100.0000        0.0000        200.0000       0.0000     0.0005    0.0012    	0.0000     0.0000      0.0000    0.000       0.0000   0.000      0.0000   0.000      0.0000   0.000      0.0000   0.000        0.0000   0.000     0.0000   0.000        0.0000   0.000        4/0         1.00
CP            3      4         200.0000        0.0000        300.0000       0.0000     0.0001    0.0001    	0.0000     0.0000      0.0000    0.000       0.0000   0.000      0.0000   0.000      0.0000   0.000      0.0000   0.000        0.0000   0.000     0.0000   0.000        0.0000   0.000        4/0         1.00
CP            4      5         300.0000        0.0000        400.0000       0.0000     0.0015    0.0036    	0.0000     0.0000      0.0000    0.000       0.0000   0.000      0.0000   0.000      0.0000   0.000      0.0000   0.000        0.0000   0.000     0.0000   0.000        0.0000   0.000        4/0         1.00
CP            5      6         400.0000        0.0000        500.0000       0.0000     0.0251    0.0294    	0.0000     0.0000      0.0000    0.000       0.0000   0.000      0.0000   0.000      0.0000   0.000      0.0000   0.000        0.0000   0.000     0.0000   0.000        0.0000   0.000        4/0         1.00
CP            6      7         500.0000        0.0000        600.0000       0.0000     0.3660    0.1864    	0.0000     0.0000      0.0000    0.000       0.0000   0.000      0.0000   0.000      0.0000   0.000      0.0000   0.000        0.0000   0.000     0.0000   0.000        0.0000   0.000        4/0         1.00
CP            7      8         600.0000        0.0000        700.0000       0.0000     0.3811    0.1941    	0.0000     0.0000      0.0000    0.000       0.0000   0.000      0.0000   0.000      0.0000   0.000      0.0000   0.000        0.0000   0.000     0.0000   0.000        0.0000   0.000        4/0         1.00
CP            8      9         700.0000        0.0000        800.0000       0.0000     0.0922    0.0470    	0.0000     0.0000      0.0000    0.000       0.0000   0.000      0.0000   0.000      0.0000   0.000      0.0000   0.000        0.0000   0.000     0.0000   0.000        0.0000   0.000        4/0         1.00
CP            9     10         800.0000        0.0000        900.0000       0.0000     0.0493    0.0251    	0.0000     0.0000      0.0000    0.000       0.0000   0.000      0.0000   0.000      0.0000   0.000      0.0000   0.000        0.0000   0.000     0.0000   0.000        0.0000   0.000        4/0         1.00
CP           10     11         900.0000        0.0000       1000.0000       0.0000     0.8190    0.2707    	0.0000     0.0000      0.0000    0.000       0.0000   0.000      0.0000   0.000      0.0000   0.000      0.0000   0.000        0.0000   0.000     0.0000   0.000        0.0000   0.000        4/0         1.00
CP           11     12        1000.0000        0.0000       1100.0000       0.0000     0.1872    0.0619    	0.0000     0.0000      0.0000    0.000       0.0000   0.000      0.0000   0.000      0.0000   0.000      0.0000   0.000        0.0000   0.000     0.0000   0.000        0.0000   0.000        4/0         1.00
CP           12     13        1100.0000        0.0000       1200.0000       0.0000     0.7114    0.2351    	0.0000     0.0000      0.0000    0.000       0.0000   0.000      0.0000   0.000      0.0000   0.000      0.0000   0.000        0.0000   0.000     0.0000   0.000        0.0000   0.000        4/0         1.00
CP           13     14        1200.0000        0.0000       1300.0000       0.0000     1.0300    0.3400    	0.0000     0.0000      0.0000    0.000       0.0000   0.000      0.0000   0.000      0.0000   0.000      0.0000   0.000        0.0000   0.000     0.0000   0.000        0.0000   0.000        4/0         1.00
CP           14     15        1300.0000        0.0000       1400.0000     200.0000     1.0440    0.3450    	0.0000     0.0000      0.0000    0.000       0.0000   0.000      0.0000   0.000      0.0000   0.000      0.0000   0.000        0.0000   0.000     0.0000   0.000        0.0000   0.000        4/0         1.00
CP           15     16        1400.0000      200.0000       1500.0000     200.0000     1.0580    0.3496    	0.0000     0.0000      0.0000    0.000       0.0000   0.000      0.0000   0.000      0.0000   0.000      0.0000   0.000        0.0000   0.000     0.0000   0.000        0.0000   0.000        4/0         1.00
CP           16     17        1500.0000      200.0000       1600.0000     200.0000     0.1966    0.0650    	0.0000     0.0000      0.0000    0.000       0.0000   0.000      0.0000   0.000      0.0000   0.000      0.0000   0.000        0.0000   0.000     0.0000   0.000        0.0000   0.000        4/0         1.00
CP           17     18        1600.0000      200.0000       1700.0000     200.0000     0.3744    0.1238    	0.0000     0.0000      0.0000    0.000       0.0000   0.000      0.0000   0.000      0.0000   0.000      0.0000   0.000        0.0000   0.000     0.0000   0.000        0.0000   0.000        4/0         1.00
CP           18     19        1700.0000      200.0000       1800.0000     200.0000     0.0047    0.0016    	0.0000     0.0000      0.0000    0.000       0.0000   0.000      0.0000   0.000      0.0000   0.000      0.0000   0.000        0.0000   0.000     0.0000   0.000        0.0000   0.000        4/0         1.00
CP           19     20        1800.0000      200.0000       1900.0000     200.0000     0.3276    0.1083    	0.0000     0.0000      0.0000    0.000       0.0000   0.000      0.0000   0.000      0.0000   0.000      0.0000   0.000        0.0000   0.000     0.0000   0.000        0.0000   0.000        4/0         1.00
CP           20     21        1900.0000      200.0000       2000.0000     200.0000     0.2106    0.0696    	0.0000     0.0000      0.0000    0.000       0.0000   0.000      0.0000   0.000      0.0000   0.000      0.0000   0.000        0.0000   0.000     0.0000   0.000        0.0000   0.000        4/0         1.00
CP           21     22        2000.0000      200.0000       2100.0000       0.0000     0.3416    0.1129    	0.0000     0.0000      0.0000    0.000       0.0000   0.000      0.0000   0.000      0.0000   0.000      0.0000   0.000        0.0000   0.000     0.0000   0.000        0.0000   0.000        4/0         1.00
CP           22     23        2100.0000        0.0000       2200.0000       0.0000     0.0140    0.0046    	0.0000     0.0000      0.0000    0.000       0.0000   0.000      0.0000   0.000      0.0000   0.000      0.0000   0.000        0.0000   0.000     0.0000   0.000        0.0000   0.000        4/0         1.00
CP           23     24        2200.0000        0.0000       2300.0000       0.0000     0.1591    0.0526    	0.0000     0.0000      0.0000    0.000       0.0000   0.000      0.0000   0.000      0.0000   0.000      0.0000   0.000        0.0000   0.000     0.0000   0.000        0.0000   0.000        4/0         1.00
CP           24     25        2300.0000        0.0000       2400.0000       0.0000     0.3463    0.1145    	0.0000     0.0000      0.0000    0.000       0.0000   0.000      0.0000   0.000      0.0000   0.000      0.0000   0.000        0.0000   0.000     0.0000   0.000        0.0000   0.000        4/0         1.00
CP           25     26        2400.0000        0.0000       2500.0000       0.0000     0.7488    0.2475    	0.0000     0.0000      0.0000    0.000       0.0000   0.000      0.0000   0.000      0.0000   0.000      0.0000   0.000        0.0000   0.000     0.0000   0.000        0.0000   0.000        4/0         1.00
CP           26     27        2500.0000        0.0000       2600.0000       0.0000     0.3089    0.1021    	0.0000     0.0000      0.0000    0.000       0.0000   0.000      0.0000   0.000      0.0000   0.000      0.0000   0.000        0.0000   0.000     0.0000   0.000        0.0000   0.000        4/0         1.00
CP           27     28        2600.0000        0.0000       2700.0000       0.0000     0.1732    0.0572    	0.0000     0.0000      0.0000    0.000       0.0000   0.000      0.0000   0.000      0.0000   0.000      0.0000   0.000        0.0000   0.000     0.0000   0.000        0.0000   0.000        4/0         1.00
CP            3     29         200.0000        0.0000        300.0000     600.0000     0.0044    0.0108    	0.0000     0.0000      0.0000    0.000       0.0000   0.000      0.0000   0.000      0.0000   0.000      0.0000   0.000        0.0000   0.000     0.0000   0.000        0.0000   0.000        4/0         1.00
CP         	 29     30         300.0000      600.0000        400.0000     600.0000     0.0640	 0.1565    	0.0000     0.0000      0.0000    0.000       0.0000   0.000      0.0000   0.000      0.0000   0.000      0.0000   0.000        0.0000   0.000     0.0000   0.000        0.0000   0.000        4/0         1.00
CP         	 30     31         400.0000      600.0000        500.0000     600.0000     0.3978	 0.1315    	0.0000     0.0000      0.0000    0.000       0.0000   0.000      0.0000   0.000      0.0000   0.000      0.0000   0.000        0.0000   0.000     0.0000   0.000        0.0000   0.000        4/0         1.00
CP         	 31     32         500.0000      600.0000        600.0000     600.0000     0.0702	 0.0232    	0.0000     0.0000      0.0000    0.000       0.0000   0.000      0.0000   0.000      0.0000   0.000      0.0000   0.000        0.0000   0.000     0.0000   0.000        0.0000   0.000        4/0         1.00
CP         	 32     33         600.0000      600.0000        700.0000     600.0000     0.3510	 0.1160    	0.0000     0.0000      0.0000    0.000       0.0000   0.000      0.0000   0.000      0.0000   0.000      0.0000   0.000        0.0000   0.000     0.0000   0.000        0.0000   0.000        4/0         1.00
CP         	 33     34         700.0000      600.0000        800.0000     600.0000     0.8390	 0.2816    	0.0000     0.0000      0.0000    0.000       0.0000   0.000      0.0000   0.000      0.0000   0.000      0.0000   0.000        0.0000   0.000     0.0000   0.000        0.0000   0.000        4/0         1.00
CP         	 34     35         800.0000      600.0000        900.0000     600.0000     1.7080	 0.5646    	0.0000     0.0000      0.0000    0.000       0.0000   0.000      0.0000   0.000      0.0000   0.000      0.0000   0.000        0.0000   0.000     0.0000   0.000        0.0000   0.000        4/0         1.00
CP         	 35     36         900.0000      600.0000       1000.0000     600.0000     1.4740	 0.4873    	0.0000     0.0000      0.0000    0.000       0.0000   0.000      0.0000   0.000      0.0000   0.000      0.0000   0.000        0.0000   0.000     0.0000   0.000        0.0000   0.000        4/0         1.00
CP         	  4     37         300.0000        0.0000        400.0000     400.0000     0.0044	 0.0108    	0.0000     0.0000      0.0000    0.000       0.0000   0.000      0.0000   0.000      0.0000   0.000      0.0000   0.000        0.0000   0.000     0.0000   0.000        0.0000   0.000        4/0         1.00
CP         	 37     38         400.0000      400.0000        500.0000     400.0000     0.0640	 0.1565    	0.0000     0.0000      0.0000    0.000       0.0000   0.000      0.0000   0.000      0.0000   0.000      0.0000   0.000        0.0000   0.000     0.0000   0.000        0.0000   0.000        4/0         1.00
CP         	 38     39         500.0000      400.0000        600.0000     400.0000     0.1053	 0.1230    	0.0000     0.0000      0.0000    0.000       0.0000   0.000      0.0000   0.000      0.0000   0.000      0.0000   0.000        0.0000   0.000     0.0000   0.000        0.0000   0.000        4/0         1.00
CP         	 39     40         600.0000      400.0000        700.0000     400.0000     0.0304	 0.0355    	0.0000     0.0000      0.0000    0.000       0.0000   0.000      0.0000   0.000      0.0000   0.000      0.0000   0.000        0.0000   0.000     0.0000   0.000        0.0000   0.000        4/0         1.00
CP         	 40     41         700.0000      400.0000        800.0000     400.0000     0.0018	 0.0021    	0.0000     0.0000      0.0000    0.000       0.0000   0.000      0.0000   0.000      0.0000   0.000      0.0000   0.000        0.0000   0.000     0.0000   0.000        0.0000   0.000        4/0         1.00
CP         	 41     42         800.0000      400.0000        900.0000     400.0000     0.7283	 0.8509    	0.0000     0.0000      0.0000    0.000       0.0000   0.000      0.0000   0.000      0.0000   0.000      0.0000   0.000        0.0000   0.000     0.0000   0.000        0.0000   0.000        4/0         1.00
CP         	 42     43         900.0000      400.0000       1000.0000     400.0000     0.3100	 0.3623    	0.0000     0.0000      0.0000    0.000       0.0000   0.000      0.0000   0.000      0.0000   0.000      0.0000   0.000        0.0000   0.000     0.0000   0.000        0.0000   0.000        4/0         1.00
CP         	 43     44        1000.0000      400.0000       1100.0000     400.0000     0.0410	 0.0478    	0.0000     0.0000      0.0000    0.000       0.0000   0.000      0.0000   0.000      0.0000   0.000      0.0000   0.000        0.0000   0.000     0.0000   0.000        0.0000   0.000        4/0         1.00
CP         	 44     45        1100.0000      400.0000       1200.0000     400.0000     0.0092	 0.0116    	0.0000     0.0000      0.0000    0.000       0.0000   0.000      0.0000   0.000      0.0000   0.000      0.0000   0.000        0.0000   0.000     0.0000   0.000        0.0000   0.000        4/0         1.00
CP         	 45     46        1200.0000      400.0000       1300.0000     400.0000     0.1089	 0.1373    	0.0000     0.0000      0.0000    0.000       0.0000   0.000      0.0000   0.000      0.0000   0.000      0.0000   0.000        0.0000   0.000     0.0000   0.000        0.0000   0.000        4/0         1.00
CP         	 46     47        1300.0000      400.0000       1400.0000     400.0000     0.0009	 0.0012    	0.0000     0.0000      0.0000    0.000       0.0000   0.000      0.0000   0.000      0.0000   0.000      0.0000   0.000        0.0000   0.000     0.0000   0.000        0.0000   0.000        4/0         1.00
CP         	  5     48         400.0000        0.0000        500.0000   -1000.0000     0.0034	 0.0084    	0.0000     0.0000      0.0000    0.000       0.0000   0.000      0.0000   0.000      0.0000   0.000      0.0000   0.000        0.0000   0.000     0.0000   0.000        0.0000   0.000        4/0         1.00
CP         	 48     49         500.0000    -1000.0000        600.0000   -1000.0000     0.0851	 0.2083    	0.0000     0.0000      0.0000    0.000       0.0000   0.000      0.0000   0.000      0.0000   0.000      0.0000   0.000        0.0000   0.000     0.0000   0.000        0.0000   0.000        4/0         1.00
CP         	 49     50         600.0000    -1000.0000        700.0000   -1000.0000     0.2898	 0.7091    	0.0000     0.0000      0.0000    0.000       0.0000   0.000      0.0000   0.000      0.0000   0.000      0.0000   0.000        0.0000   0.000     0.0000   0.000        0.0000   0.000        4/0         1.00
CP         	 50     51         700.0000    -1000.0000        800.0000   -1000.0000     0.0822	 0.2011    	0.0000     0.0000      0.0000    0.000       0.0000   0.000      0.0000   0.000      0.0000   0.000      0.0000   0.000        0.0000   0.000     0.0000   0.000        0.0000   0.000        4/0         1.00
CP            9     52         800.0000        0.0000        900.0000     200.0000     0.0928    0.0473	   	0.0000     0.0000      0.0000    0.000       0.0000   0.000      0.0000   0.000      0.0000   0.000      0.0000   0.000        0.0000   0.000     0.0000   0.000        0.0000   0.000        4/0         1.00
CP           52     53         900.0000      200.0000       1000.0000     200.0000     0.3319    0.1114	   	0.0000     0.0000      0.0000    0.000       0.0000   0.000      0.0000   0.000      0.0000   0.000      0.0000   0.000        0.0000   0.000     0.0000   0.000        0.0000   0.000        4/0         1.00
CP           10     54         900.0000        0.0000       1000.0000    -600.0000     0.1740    0.0886	   	0.0000     0.0000      0.0000    0.000       0.0000   0.000      0.0000   0.000      0.0000   0.000      0.0000   0.000        0.0000   0.000     0.0000   0.000        0.0000   0.000        4/0         1.00
CP           54     55        1000.0000     -600.0000       1100.0000    -600.0000     0.2030    0.1034	   	0.0000     0.0000      0.0000    0.000       0.0000   0.000      0.0000   0.000      0.0000   0.000      0.0000   0.000        0.0000   0.000     0.0000   0.000        0.0000   0.000        4/0         1.00
CP           55     56        1100.0000     -600.0000       1200.0000    -600.0000     0.2842    0.1447	   	0.0000     0.0000      0.0000    0.000       0.0000   0.000      0.0000   0.000      0.0000   0.000      0.0000   0.000        0.0000   0.000     0.0000   0.000        0.0000   0.000        4/0         1.00
CP           56     57        1200.0000     -600.0000       1300.0000    -600.0000     0.2813    0.1433	   	0.0000     0.0000      0.0000    0.000       0.0000   0.000      0.0000   0.000      0.0000   0.000      0.0000   0.000        0.0000   0.000     0.0000   0.000        0.0000   0.000        4/0         1.00
CP           57     58        1300.0000     -600.0000       1400.0000    -600.0000     1.5900    0.5337	   	0.0000     0.0000      0.0000    0.000       0.0000   0.000      0.0000   0.000      0.0000   0.000      0.0000   0.000        0.0000   0.000     0.0000   0.000        0.0000   0.000        4/0         1.00
CP           58     59        1400.0000     -600.0000       1500.0000    -600.0000     0.7837    0.2630	   	0.0000     0.0000      0.0000    0.000       0.0000   0.000      0.0000   0.000      0.0000   0.000      0.0000   0.000        0.0000   0.000     0.0000   0.000        0.0000   0.000        4/0         1.00
CP           59     60        1500.0000     -600.0000       1600.0000    -600.0000     0.3042    0.1006	   	0.0000     0.0000      0.0000    0.000       0.0000   0.000      0.0000   0.000      0.0000   0.000      0.0000   0.000        0.0000   0.000     0.0000   0.000        0.0000   0.000        4/0         1.00
CP           60     61        1600.0000     -600.0000       1700.0000    -600.0000     0.3861    0.1172	   	0.0000     0.0000      0.0000    0.000       0.0000   0.000      0.0000   0.000      0.0000   0.000      0.0000   0.000        0.0000   0.000     0.0000   0.000        0.0000   0.000        4/0         1.00
CP           61     62        1700.0000     -600.0000       1800.0000    -600.0000     0.5075    0.2585	   	0.0000     0.0000      0.0000    0.000       0.0000   0.000      0.0000   0.000      0.0000   0.000      0.0000   0.000        0.0000   0.000     0.0000   0.000        0.0000   0.000        4/0         1.00
CP           62     63        1800.0000     -600.0000       1900.0000    -600.0000     0.0974    0.0496	   	0.0000     0.0000      0.0000    0.000       0.0000   0.000      0.0000   0.000      0.0000   0.000      0.0000   0.000        0.0000   0.000     0.0000   0.000        0.0000   0.000        4/0         1.00
CP           63     64        1900.0000     -600.0000       2000.0000    -600.0000     0.1450    0.0738	   	0.0000     0.0000      0.0000    0.000       0.0000   0.000      0.0000   0.000      0.0000   0.000      0.0000   0.000        0.0000   0.000     0.0000   0.000        0.0000   0.000        4/0         1.00
CP           64     65        2000.0000     -600.0000       2100.0000    -600.0000     0.7105    0.3619	   	0.0000     0.0000      0.0000    0.000       0.0000   0.000      0.0000   0.000      0.0000   0.000      0.0000   0.000        0.0000   0.000     0.0000   0.000        0.0000   0.000        4/0         1.00
CP           65     66        2100.0000     -600.0000       2200.0000    -600.0000     1.0410    0.5302	   	0.0000     0.0000      0.0000    0.000       0.0000   0.000      0.0000   0.000      0.0000   0.000      0.0000   0.000        0.0000   0.000     0.0000   0.000        0.0000   0.000        4/0         1.00
CP           12     67        1100.0000        0.0000       1200.0000    -400.0000     0.2012    0.0611	   	0.0000     0.0000      0.0000    0.000       0.0000   0.000      0.0000   0.000      0.0000   0.000      0.0000   0.000        0.0000   0.000     0.0000   0.000        0.0000   0.000        4/0         1.00
CP           67     68        1200.0000     -400.0000       1300.0000    -400.0000     0.0047    0.0014	   	0.0000     0.0000      0.0000    0.000       0.0000   0.000      0.0000   0.000      0.0000   0.000      0.0000   0.000        0.0000   0.000     0.0000   0.000        0.0000   0.000        4/0         1.00
CP           13     69        1200.0000        0.0000       1300.0000    -200.0000     0.7394    0.2444	   	0.0000     0.0000      0.0000    0.000       0.0000   0.000      0.0000   0.000      0.0000   0.000      0.0000   0.000        0.0000   0.000     0.0000   0.000        0.0000   0.000        4/0         1.00
CP           69     70        1300.0000     -200.0000       1400.0000    -200.0000     0.0047    0.0016	   	0.0000     0.0000      0.0000    0.000       0.0000   0.000      0.0000   0.000      0.0000   0.000      0.0000   0.000        0.0000   0.000     0.0000   0.000        0.0000   0.000        4/0         1.00

1000  328.684                                                                                
  
  53     3.60      2.70   -996.4     325.98      
  62  1244.00    888.00   244.00   1216.684
                                                                                           
 2    1   2           2      3                 0.0005      0.0012       0.00      0.00  
 3    2   2e          3      4                 0.0000      0.0000       0.00      0.00
 4    2e  3           4      5                 0.0015      0.0036       0.00      0.00
 5    3   4           5      6                 0.0251      0.0294       0.00      0.00
 6    4   5           6      7                 0.3660      0,1864       2.60      2.20
 7    5   6           7      8                 0.3811      0.1941      40.40     30.00
 8    6   7           8      9                 0.0922      0.0470      75.00     54.00
 9    7   8           9     10                 0.0493      0.0251      30.00     22.00
10    8   9          10     11                 0.8190      0.2707      28.00     19.00
11    9  10          11     12                 0.1872      0.0619     145.00    104.00
12   10  11          12     13                 0.7114      0.2351     145.00    104.00
13   11  12          13     14                 1.0300      0.3400       8.00      5.50
14   12  13          14     15                 1.0440      0.3450       8.00      5.50
15   13  14          15     16                 1.0580      0.3496       0.00      0.00
16   14  15          16     17                 0.1966      0.0650      45.50     30.00
17   15  16          17     18                 0.3744      0.1238      60.00     35.00
18   16  17          18     19                 0.0047      0.0016      60.00     35.00
19   17  18          19     20                 0.3276      0.1083       0.00      0.00
20   18  19          20     21                 0.2106      0.0696       1.00      0.60
21   19  20          21     22                 0.3416      0.1129     114.00     81.00
22   20  21          22     23                 0.0140      0.0046       5.30      3.50
23   21  22          23     24                 0.1591      0.0526       0.00      0.00
24   22  23          24     25                 0.3463      0.1145      28.00     20.00
25   23  24          25     26                 0.7488      0.2475       0.00      0.00
26   24  25          26     27                 0.3089      0.1021      14.00     10.00
27   25  26          27     28                 0.1732      0.0572      14.00     10.00
28    2  27           3     29                 0.0044      0.0108      26.00     18.60
29	 27  28		   	 29     30                 0.0640	   0.1565      26.00     18.60
30	 28  29		   	 30     31                 0.3978	   0.1315       0.00	  0.00
31	 29  30		   	 31     32                 0.0702	   0.0232       0.00	  0.00
32	 30  31		   	 32     33                 0.3510	   0.1160       0.00	  0.00
33	 31  32		   	 33     34                 0.8390	   0.2816      14.00	 10.00
34	 32  33		   	 34     35                 1.7080	   0.5646      19.50	 14.00
35	 33  34		   	 35     36                 1.4740	   0.4873       6.00	  4.00
36	 2e  27e	   	  4     37                 0.0044	   0.0108      26.00	 18.55
37	 27e 28e	   	 37     38                 0.0640	   0.1565      26.00	 18.55
38	 28e 65		   	 38     39                 0.1053	   0.1230       0.00	  0.00 
39	 65  66		   	 39     40                 0.0304	   0.0355      24.00  	 17.00	
40	 66  67		   	 40     41                 0.0018	   0.0021      24.00     17.00	
41	 67  68		   	 41     42                 0.7283	   0.8509       1.20      1.00	
42	 68  69		   	 42     43                 0.3100	   0.3623       0.00	  0.00	
43	 69  70		   	 43     44                 0.0410	   0.0478       6.00	  4.30	
44	 70  88		   	 44     45                 0.0092	   0.0116       0.00	  0.00	
45	 88  89		   	 45     46                 0.1089	   0.1373      39.22	 26.30	
46	 89  90		   	 46     47                 0.0009	   0.0012      39.22     26.30	
47	  3  35		   	  5     48                 0.0034	   0.0084       0.00      0.00	
48	 35  36		   	 48     49                 0.0851	   0.2083      79.00  	 56.40	
49	 36  37		   	 49     50                 0.2898	   0.7091     384.70    274.50	
50	 37  38		   	 50     51                 0.0822	   0.2011     384.70    274.50
51    7  40           9     52                 0.0928      0.0473      40.50     28.30
52   40  41          52     53                 0.3319	   0.1114       3.60      2.70
53    8  42          10     54                 0.1740	   0.0886       4.35      3.50
54   42  43          54     55                 0.2030	   0.l034      26.40     19.00
55   43  44          55     56                 0.2842	   0.1447      24.00     17.20
56   44  45          56     57                 0.2813	   0.1433       0.00      0.00
57   45  46          57     58                 1.5900	   0.5337       0.00      0.00  -------------->
58   46  47          58     59                 0.7837	   0.2630       0.00      0.00
59   47  48          59     60                 0.3042	   0.1006     100.00     72.00
60   48  49          60     61                 0.3861	   0.1172       0.00      0.00
61   49  50          61     62                 0.5075	   0.2585    1244.00    888.00
62   50  51          62     63                 0.0974	   0.0496      32.00     23.00
63   51  52          63     64                 0.1450	   0.0738       0.00      0.00
64   52  53          64     65                 0.7105	   0.3619     227.00    162.00
65   53  54          65     66                 1.0410	   0.5302      59.00     42.00
66   10  55          12     67                 0.2012	   0.0611      18.00     13.00
67   55  56          67     68                 0.0047	   0.0014      18.00     13.00
68   11  57          13     69                 0.7394	   0.2444      28.00     20.00
69   57  58          69     70                 0.0047	   0.0016      28.00     20.00	
					

   1   2   0
   2   3   0
   3   4   0
   3  29   0
   4   5   0
   4  37   0
  29  30   0
   5   6   0
   5  48   0
  37  38   0
  30  31   0
   6   7   0
  48  49   0
  38  39   0
  31  32   0
   7   8   0
  49  50   0
  39  40   0
  32  33   0
   8   9   0
  50  51   0
  40  41   0
  33  34   0
   9  10   0
   9  52   0
  41  42   0
  34  35   0
  10  11   0
  10  54   0
  52  53   0
  42  43   0
  35  36   0
  11  12   0
  54  55   0
  43  44   0
  12  13   0
  12  67   0
  55  56   0
  44  45   0
  13  14   0
  13  69   0
  67  68   0
  56  57   0
  45  46   0
  14  15   0
  69  70   0
  57  58   1
  46  47   0
  15  16   0
  58  59   0
  16  17   0
  59  60   0
  17  18   0
  60  61   0
  18  19   0
  61  62   0
  19  20   0
  62  63   0
  20  21   0
  63  64   0
  21  22   0
  64  65   0
  22  23   0
  65  66   0
  23  24   0
  24  25   0
  25  26   0
  26  27   0
  27  28   0



								   
							
	//PI_Reguladores[0][ 0] = 0;   //     1   2 
	//PI_Reguladores[0][1] = 0;	 //     2   3 
	//PI_Reguladores[0][2] = 0;	 //     3   4 
	//PI_Reguladores[0][3] = 0;	 //     3  29 
	//PI_Reguladores[0][4] = 0;	 //     4   5 
	//PI_Reguladores[0][5] = 0;	 //     4  37 
	//PI_Reguladores[0][6] = 0;	 //    29  30 
	//PI_Reguladores[0][7] = 0;	 //     5   6 
	//PI_Reguladores[0][8] = 0;	 //     5  48 
	//PI_Reguladores[0][9] = 0;	 //    37  38 
	//PI_Reguladores[0][10] = 0;	 //    30  31 
	//PI_Reguladores[0][11] = 0;	 //     6   7 
	//PI_Reguladores[0][12] = 0;	 //    48  49 
	//PI_Reguladores[0][13] = 0;	 //    38  39 
	//PI_Reguladores[0][14] = 0;	 //    31  32 
	//PI_Reguladores[0][15] = 0;	 //     7   8 
	//PI_Reguladores[0][16] = 0;	 //    49  50 
	//PI_Reguladores[0][17] = 0;	 //    39  40 
	//PI_Reguladores[0][18] = 0;	 //    32  33 
	//PI_Reguladores[0][19] = 0;	 //     8   9 
	//PI_Reguladores[0][20] = 0;	 //    50  51 
	//PI_Reguladores[0][21] = 0;	 //    40  41 
	//PI_Reguladores[0][22] = 0;	 //    33  34 
	//PI_Reguladores[0][23] = 0;	 //     9  10 
	//PI_Reguladores[0][24] = 0;	 //     9  52 
	//PI_Reguladores[0][25] = 0;	 //    41  42 
	//PI_Reguladores[0][26] = 0;	 //    34  35 
	//PI_Reguladores[0][27] = 0;	 //    10  11 
	//PI_Reguladores[0][28] = 0;	 //    10  54 
	//PI_Reguladores[0][29] = 0;	 //    52  53 
	//PI_Reguladores[0][30] = 0;	 //    42  43 
	//PI_Reguladores[0][31] = 0;	 //    35  36 
	//PI_Reguladores[0][32] = 0;	 //    11  12 
	//PI_Reguladores[0][33] = 0;	 //    54  55 
	//PI_Reguladores[0][34] = 0;	 //    43  44 
	//PI_Reguladores[0][35] = 0;	 //    12  13 
	//PI_Reguladores[0][36] = 0;	 //    12  67 
	//PI_Reguladores[0][37] = 0;	 //    55  56 
	//PI_Reguladores[0][38] = 0;	 //    44  45 
	//PI_Reguladores[0][39] = 0;	 //    13  14 
	//PI_Reguladores[0][40] = 0;	 //    13  69 
	//PI_Reguladores[0][41] = 0;	 //    67  68 
	//PI_Reguladores[0][42] = 0;	 //    56  57 
	//PI_Reguladores[0][43] = 0;	 //    45  46 
	//PI_Reguladores[0][44] = 0;	 //    14  15 
	//PI_Reguladores[0][45] = 0;	 //    69  70 
	//PI_Reguladores[0][46] = 0;	 //    57  58 
	//PI_Reguladores[0][47] = 0;	 //    46  47 
	//PI_Reguladores[0][48] = 0;	 //    15  16 
	//PI_Reguladores[0][49] = 1;	 //    58  59 
	//PI_Reguladores[0][50] = 0;	 //    16  17 
	//PI_Reguladores[0][51] = 0;	 //    59  60 
	//PI_Reguladores[0][52] = 0;	 //    17  18 
	//PI_Reguladores[0][53] = 0;	 //    60  61 
	//PI_Reguladores[0][54] = 0;	 //    18  19 
	//PI_Reguladores[0][55] = 0;	 //    61  62 
	//PI_Reguladores[0][56] = 0;	 //    19  20 
	//PI_Reguladores[0][57] = 0;	 //    62  63 
	//PI_Reguladores[0][58] = 0;	 //    20  21 
	//PI_Reguladores[0][59] = 0;	 //    63  64 
	//PI_Reguladores[0][60] = 0;	 //    21  22 
	//PI_Reguladores[0][61] = 0;	 //    64  65 
	//PI_Reguladores[0][62] = 0;	 //    22  23 
	//PI_Reguladores[0][63] = 0;	 //    65  66 
	//PI_Reguladores[0][64] = 0;	 //    23  24 
	//PI_Reguladores[0][65] = 0;	 //    24  25 
	//PI_Reguladores[0][66] = 0;	 //    25  26 
	//PI_Reguladores[0][67] = 0;	 //    26  27 
	//PI_Reguladores[0][68] = 0;	 //    27  28 
			   
								   
								   
								   
								   
								   
								   
								   
								   
								   
								   
								   
								   
								   
								   
								   
								   
								   
								   
								   


























				
				
				
				
				
				
				
				
				
				
				
				
				
				
				
				
				
				
				
				
				
				
				













































